tronco 1.0 1.0 1.0 0.0 0.3 0.7
hombro 0.6 0.75 0 0.9 0.8 1.0
bicep 0.2 0.0 0 0.9 0.8 1.0
codo 0.25 0 0 0.9 0.8 1.0
antebrazo 0.2 0 0 0.9 0.8 1.0
mano 0.25 0 0 0.9 0.8 1.0
hombro -0.6 0.75 0 0.9 0.8 1.0
bicep -0.2 0 0 0.9 0.8 1.0
codo -0.25 0 0 0.9 0.8 1.0
antebrazo -0.2 0 0 0.9 0.8 1.0
mano -0.25 0 0 0.9 0.8 1.0
cadera 0.25 -1.0 0 0.9 0.8 1.0
quadricep 0 -0.2 0 0.9 0.8 1.0
rodilla 0 -0.5 0 0.9 0.8 1.0
chamorro 0 -0.3 0 0.9 0.8 1.0
pie 0 -0.45 0.2 0.9 0.8 1.0
cadera -0.25 -1.0 0 0.9 0.8 1.0
quadricep 0 -0.2 0 0.9 0.8 1.0
rodilla 0 -0.5 0 0.9 0.8 1.0
chamorro 0 -0.3 0 0.9 0.8 1.0
pie 0 -0.45 0.2 0.9 0.8 1.0
cuello 0 1.0 0.0 0.9 0.8 1.0
cabeza 0 0.3 0.25 0.9 0.8 1.0

